-1.335425916618739051e-01 -5.297998754636918939e-01 -2.915518954609453983e-01 -6.701698964034790151e-01
-1.878241937037324061e-01 -4.837377165798290024e-01 -4.958796731287093973e-01 -7.175656465487670332e-02
-1.897628223480845033e-01 -1.059514702628115090e+00 -2.915518954609453983e-01 1.274673431779478339e+00
-1.909259995346958005e-01 3.223500638877718205e-01 -2.915518954609453983e-01 -5.953682299349036811e-01
-1.917014509924366006e-01 7.829716527264009018e-01 -4.958796731287093973e-01 3.770534341565749958e-01
-8.759709279072930288e-02 -4.614720718313140152e-02 -4.958796731287093973e-01 2.274501012194244109e-01
-1.529288781053947943e-01 -1.059514702628115090e+00 7.300869928778747076e-01 -6.701698964034790151e-01
-1.664992786158593918e-01 -1.843336838347200968e-01 3.590675880226570804e+00 -6.701698964034790151e-01
-1.917014509924366006e-01 9.203926946845729373e-02 -8.722411779318130221e-02 -2.841932974256304867e-01
-1.190028768292332034e-01 -3.685823193701717737e-01 -4.958796731287093973e-01 -6.327690631691913481e-01
-1.882119194326029032e-01 -3.685823193701717737e-01 -4.958796731287093973e-01 -3.709632305291777898e-01
-1.917014509924366006e-01 -4.146444782540346097e-01 -4.958796731287093973e-01 8.258634329680267783e-01
-1.917014509924366006e-01 -2.534269221605144895e-01 -4.958796731287093973e-01 7.784676828227379830e-02
-1.917014509924366006e-01 5.526608583070863334e-01 -4.958796731287093973e-01 1.424276764716628785e+00
-1.913137252635661867e-01 -1.382715249508572053e-01 -4.958796731287093973e-01 -1.839590643577395934e-01
-1.820083077706761976e-01 1.554512814031104417e+00 -4.958796731287093973e-01 3.770534341565749958e-01
-1.917014509924366006e-01 -2.311612774119990027e-02 1.171036598745825996e-01 -4.951339968670128155e-01
-1.917014509924366006e-01 -1.382715249508572053e-01 -4.958796731287093973e-01 -2.213598975920272882e-01
-1.909259995346958005e-01 -2.311612774119990027e-02 -4.958796731287093973e-01 -2.213598975920272882e-01
-1.911198623991310075e-01 -5.766274690409709663e-02 -8.722411779318130221e-02 -5.579673967006161250e-01
-1.917014509924366006e-01 -5.182843357427261433e-01 -2.915518954609453983e-01 -6.701698964034790151e-01
-1.905382738058253866e-01 -6.564708123943149287e-01 -2.915518954609453983e-01 5.266567670937255530e-01
-1.368382603572723955e-01 1.358748638774687212e+00 -2.915518954609453983e-01 -5.833999632999317120e-01
-1.917014509924366006e-01 3.086079596919546031e+00 -8.722411779318130221e-02 -1.465582311234520096e-01
-1.907321366702605936e-01 2.071946666781145086e-01 -4.958796731287093973e-01 -1.719907977227675966e-01
-1.457559521212919984e-01 3.223500638877718205e-01 -4.958796731287093973e-01 -4.711974635970687109e-01
-1.891812337547789102e-01 5.526608583070863334e-01 -4.958796731287093973e-01 -3.709632305291777898e-01
-1.917014509924366006e-01 5.526608583070863334e-01 -4.958796731287093973e-01 8.258634329680267783e-01
-1.917014509924366006e-01 -4.837377165798290024e-01 -4.958796731287093973e-01 9.754667659051772244e-01
-1.032999848099812046e-01 9.203926946845729373e-02 -4.958796731287093973e-01 6.762601000308761101e-01
-1.917014509924366006e-01 -2.534269221605144895e-01 -4.958796731287093973e-01 -4.203323303984375925e-01
-9.787182460579539611e-02 -5.988931137894862866e-01 -4.958796731287093973e-01 -5.833999632999317120e-01
3.516961580194544745e-01 8.981270499360580750e-01 -2.915518954609453983e-01 -5.833999632999317120e-01
-1.723151645489157113e-01 9.203926946845729373e-02 -4.958796731287093973e-01 2.160325162767410045e+00
-1.913137252635661867e-01 -2.994890810443773810e-01 -4.958796731287093973e-01 -4.457648969977531794e-01
1.418091103775540041e-02 -2.311612774119990027e-02 -4.958796731287093973e-01 -3.709632305291777898e-01
6.032027277333520260e-02 7.829716527264009018e-01 -8.722411779318130221e-02 -6.208007965342192680e-01
-1.917014509924366006e-01 -1.382715249508572053e-01 -4.958796731287093973e-01 -4.711974635970687109e-01
-1.915075881280013936e-01 -1.382715249508572053e-01 -4.958796731287093973e-01 -4.711974635970687109e-01
-5.173246287021560086e-02 -2.534269221605144895e-01 -4.958796731287093973e-01 -6.582016297685069350e-01
-1.917014509924366006e-01 -1.059514702628115090e+00 -4.958796731287093973e-01 1.810253363694477091e+00
-1.895689594836492964e-01 9.203926946845729373e-02 -2.915518954609453983e-01 -5.459991300656440449e-01
-1.880180565681676963e-01 -5.067687960217605037e-01 -2.915518954609453983e-01 -6.701698964034790151e-01
-1.529288781053947943e-01 2.762879050039088735e-01 -4.958796731287093973e-01 7.784676828227379830e-02
-1.917014509924366006e-01 -5.988931137894862866e-01 -4.958796731287093973e-01 5.266567670937255530e-01
-1.899566852125197103e-01 1.243593241565029928e+00 -2.915518954609453983e-01 -1.959273309927117013e-01
-1.917014509924366006e-01 -3.685823193701717737e-01 -4.958796731287093973e-01 -3.215941306599180982e-01
-1.917014509924366006e-01 1.704214830403658842e+00 -4.958796731287093973e-01 2.274501012194244109e-01
4.326034070303679674e-02 -4.837377165798290024e-01 -4.958796731287093973e-01 -1.959273309927117013e-01
-1.905382738058253866e-01 -4.146444782540346097e-01 -4.958796731287093973e-01 2.847766841301409974e-02
2.342152621717177863e-01 3.914433022135661022e-01 -4.958796731287093973e-01 -3.709632305291777898e-01
-1.915075881280013936e-01 5.526608583070863334e-01 -4.958796731287093973e-01 -2.213598975920272882e-01
-5.851766312544789961e-02 1.496169680732858942e-01 -4.958796731287093973e-01 8.258634329680267783e-01
-1.915075881280013936e-01 2.071946666781145086e-01 -8.722411779318130221e-02 -6.327690631691913481e-01
-1.509902494610426971e-01 -2.534269221605144895e-01 1.171036598745825996e-01 -2.587607308263148997e-01
-1.626220213271551973e-01 1.617848282496415768e+00 -4.958796731287093973e-01 9.754667659051772244e-01
-1.713458502267397043e-01 9.203926946845729373e-02 -8.722411779318130221e-02 -6.701698964034790151e-01
-1.917014509924366006e-01 9.203926946845729373e-02 -4.958796731287093973e-01 2.274501012194244109e-01
-1.917014509924366006e-01 -1.382715249508572053e-01 -4.958796731287093973e-01 -4.083640637634655124e-01
-1.917014509924366006e-01 1.589059433194001558e+00 -4.958796731287093973e-01 6.014584335623008871e-01
6.240734825509234307e-01 -4.837377165798290024e-01 -4.958796731287093973e-01 -6.447373298041634282e-01
-1.917014509924366006e-01 -1.059514702628115090e+00 1.751725881216694702e+00 -3.709632305291777898e-01
-7.790394956896889989e-02 -1.382715249508572053e-01 -8.722411779318130221e-02 -3.829314971641499254e-01
-1.560306839363581888e-01 -2.534269221605144895e-01 -4.958796731287093973e-01 -5.833999632999317120e-01
-1.238494484401134049e-01 -5.988931137894862866e-01 -4.958796731287093973e-01 -4.337966303627810993e-01
-1.915075881280013936e-01 -3.685823193701717737e-01 -2.915518954609453983e-01 -3.709632305291777898e-01
-1.862732907882508060e-01 -2.994890810443773810e-01 1.547398103548930814e+00 -5.205665634663284580e-01
-1.917014509924366006e-01 5.065986994232234419e-01 -4.958796731287093973e-01 -2.961615640606025113e-01
2.348632853064539991e-02 -2.534269221605144895e-01 -4.958796731287093973e-01 -6.701698964034790151e-01
-1.917014509924366006e-01 -3.685823193701717737e-01 -4.958796731287093973e-01 -2.213598975920272882e-01
-1.917014509924366006e-01 3.223500638877718205e-01 -4.958796731287093973e-01 -7.175656465487670332e-02
-1.837530735505930879e-01 -1.382715249508572053e-01 -8.722411779318130221e-02 7.784676828227379830e-02
-1.917014509924366006e-01 7.829716527264009018e-01 -4.958796731287093973e-01 5.241420168295819748e-02
-1.907321366702605936e-01 -5.988931137894862866e-01 -2.915518954609453983e-01 -1.465582311234520096e-01
-1.917014509924366006e-01 3.223500638877718205e-01 -4.958796731287093973e-01 -3.709632305291777898e-01
-4.262090824176079790e-02 9.557047485408868281e-01 1.171036598745825996e-01 -6.701698964034790151e-01
-1.917014509924366006e-01 -6.276819630919006077e-01 -8.722411779318130221e-02 1.050268432373752558e+00
-1.917014509924366006e-01 1.473904035984344496e+00 -4.958796731287093973e-01 5.241420168295819748e-02
-1.917014509924366006e-01 -1.382715249508572053e-01 -2.915518954609453983e-01 -5.579673967006161250e-01
-1.907321366702605936e-01 6.678162555167436176e-01 9.344147705456388175e-01 2.770706761150984132e+00
-1.917014509924366006e-01 5.526608583070863334e-01 -4.958796731287093973e-01 3.022517676879997173e-01
-1.874364679748619922e-01 -1.059514702628115090e+00 -2.915518954609453983e-01 -2.961615640606025113e-01
-1.606833926828031001e-01 -1.059514702628115090e+00 -2.915518954609453983e-01 -6.327690631691913481e-01
-4.630430266602979933e-02 5.526608583070863334e-01 -4.958796731287093973e-01 -6.582016297685069350e-01
-1.905382738058253866e-01 -3.225201604863088267e-01 -8.722411779318130221e-02 -6.582016297685069350e-01
-1.238494484401134049e-01 -1.059514702628115090e+00 -4.958796731287093973e-01 4.518551006251502744e-01
2.227847984202999945e-04 -5.988931137894862866e-01 1.547398103548930814e+00 -1.465582311234520096e-01
-1.917014509924366006e-01 4.375054610974289937e-01 -4.958796731287093973e-01 -3.709632305291777898e-01
-1.917014509924366006e-01 4.375054610974289937e-01 -4.958796731287093973e-01 -4.083640637634655124e-01
-1.917014509924366006e-01 9.203926946845729373e-02 -4.958796731287093973e-01 -1.465582311234520096e-01
-1.915075881280013936e-01 -9.616326149999065986e-01 -8.722411779318130221e-02 -6.701698964034790151e-01
-1.917014509924366006e-01 5.526608583070863334e-01 -4.958796731287093973e-01 -2.961615640606025113e-01
2.161413442772399957e-03 2.071946666781145086e-01 -4.958796731287093973e-01 -6.208007965342192680e-01
1.340545958001460036e-02 -1.382715249508572053e-01 -4.958796731287093973e-01 -6.208007965342192680e-01
-1.917014509924366006e-01 -3.685823193701717737e-01 -4.958796731287093973e-01 -2.213598975920272882e-01
-1.849162507372043018e-01 3.223500638877718205e-01 7.300869928778747076e-01 -6.208007965342192680e-01
-1.643667871070720876e-01 9.203926946845729373e-02 -4.958796731287093973e-01 3.770534341565749958e-01
-1.304407858309105106e-01 -1.059514702628115090e+00 -4.958796731287093973e-01 -2.213598975920272882e-01
-1.903444109413902074e-01 9.203926946845729373e-02 -8.722411779318130221e-02 -4.951339968670128155e-01
-1.917014509924366006e-01 9.203926946845729373e-02 -4.958796731287093973e-01 -3.215941306599180982e-01
-1.915075881280013936e-01 7.829716527264009018e-01 -8.722411779318130221e-02 -3.709632305291777898e-01
2.161413442772399957e-03 1.013282447145715359e+00 -4.958796731287093973e-01 -3.709632305291777898e-01
-1.917014509924366006e-01 4.835676199812919962e-01 -4.958796731287093973e-01 2.274501012194244109e-01
-1.913137252635661867e-01 -1.059514702628115090e+00 -4.958796731287093973e-01 7.784676828227379830e-02
-1.915075881280013936e-01 -3.685823193701717737e-01 -2.915518954609453983e-01 -6.208007965342192680e-01
-1.581631754451454097e-01 -2.311612774119990027e-02 -8.722411779318130221e-02 3.276843342873153042e-01
2.161413442772399957e-03 9.203926946845729373e-02 -4.958796731287093973e-01 -6.582016297685069350e-01
-1.917014509924366006e-01 -4.837377165798290024e-01 -4.958796731287093973e-01 -3.215941306599180982e-01
-1.917014509924366006e-01 -5.988931137894862866e-01 -4.958796731287093973e-01 -4.632399805556110250e-02
-1.633974727848961084e-01 -4.614720718313140152e-02 5.257592152101107086e-01 -6.701698964034790151e-01
-1.244310370334190952e-01 1.381014283523201991e-01 7.300869928778747076e-01 1.152476015165614931e-01
-1.911198623991310075e-01 -4.837377165798290024e-01 -2.915518954609453983e-01 3.045101813698499783e-03
-1.707642616334340002e-01 5.065986994232234419e-01 -2.915518954609453983e-01 -6.327690631691913481e-01
-1.915075881280013936e-01 -3.685823193701717737e-01 -4.958796731287093973e-01 -3.709632305291777898e-01
-1.915075881280013936e-01 -3.685823193701717737e-01 -4.958796731287093973e-01 -2.213598975920272882e-01
-1.915075881280013936e-01 -1.059514702628115090e+00 -4.958796731287093973e-01 1.424276764716628785e+00
-1.917014509924366006e-01 1.611325077942515893e-01 1.171036598745825996e-01 -3.709632305291777898e-01
-1.917014509924366006e-01 -2.476691523000315864e-01 -4.958796731287093973e-01 3.045101813698499783e-03
-9.477001877483209880e-02 2.359835159805288018e-01 -8.722411779318130221e-02 -5.579673967006161250e-01
-1.707642616334340002e-01 1.243593241565029928e+00 -8.722411779318130221e-02 -5.953682299349036811e-01
-1.699888101756932002e-01 9.672202882618523567e-01 -2.915518954609453983e-01 3.481322592602449362e+00
-1.915075881280013936e-01 9.203926946845729373e-02 -2.915518954609453983e-01 -6.208007965342192680e-01
-1.909259995346958005e-01 -1.059514702628115090e+00 -4.958796731287093973e-01 8.258634329680267783e-01
-1.876303308392971991e-01 1.335717559332755711e+00 -2.915518954609453983e-01 1.501336844867059983e-02
-1.897628223480845033e-01 -1.059514702628115090e+00 1.547398103548930814e+00 -1.465582311234520096e-01
-1.917014509924366006e-01 2.705301351434259982e-01 -4.958796731287093973e-01 -2.213598975920272882e-01
-1.917014509924366006e-01 4.283695727899981875e+00 -4.958796731287093973e-01 -4.083640637634655124e-01
-1.913137252635661867e-01 -4.837377165798290024e-01 -4.958796731287093973e-01 -3.709632305291777898e-01
-9.477001877483209880e-02 -9.796713592747710586e-02 -8.722411779318130221e-02 -3.709632305291777898e-01
-1.917014509924366006e-01 5.526608583070863334e-01 -4.958796731287093973e-01 -2.961615640606025113e-01
-1.917014509924366006e-01 -7.140485109991435708e-01 -4.958796731287093973e-01 -2.213598975920272882e-01
-1.672747300736003029e-01 -1.382715249508572053e-01 -2.915518954609453983e-01 -6.701698964034790151e-01
-1.761924218376199058e-01 5.526608583070863334e-01 -2.915518954609453983e-01 -5.459991300656440449e-01
-1.915075881280013936e-01 1.013282447145715359e+00 -4.958796731287093973e-01 1.526484347508491046e-01
-1.787126390752775962e-01 -3.685823193701717737e-01 -4.958796731287093973e-01 -5.085982968313563779e-01
-1.891812337547789102e-01 7.829716527264009018e-01 -4.958796731287093973e-01 -3.455306639298622029e-01
-1.897628223480845033e-01 5.526608583070863334e-01 -2.915518954609453983e-01 1.646167013858212125e-01
-1.915075881280013936e-01 9.203926946845729373e-02 -2.915518954609453983e-01 -7.175656465487670332e-02
-1.917014509924366006e-01 8.981270499360580750e-01 -4.958796731287093973e-01 3.045101813698499783e-03
-1.901505480769548895e-01 -1.382715249508572053e-01 3.214314375423465986e-01 -5.699356633355880941e-01
2.154105643215024901e-01 1.841635872361830906e-01 -4.958796731287093973e-01 -6.447373298041634282e-01
-1.917014509924366006e-01 1.059344606029578362e+00 -4.958796731287093973e-01 -7.175656465487670332e-02
-1.915075881280013936e-01 -8.004150589063865340e-01 3.214314375423465986e-01 -6.701698964034790151e-01
-1.814267191773704935e-01 9.203926946845729373e-02 -2.915518954609453983e-01 -6.701698964034790151e-01
-1.917014509924366006e-01 -1.059514702628115090e+00 -4.958796731287093973e-01 1.873086763528080789e+00
5.837500067483999411e-01 -1.059514702628115090e+00 -4.958796731287093973e-01 -2.213598975920272882e-01
-1.915075881280013936e-01 1.065102375890061071e+00 -8.722411779318130221e-02 8.512959995673423652e-01
-1.917014509924366006e-01 1.243593241565029928e+00 -4.958796731287093973e-01 3.770534341565749958e-01
-1.236555855756781980e-01 -1.059514702628115090e+00 -8.722411779318130221e-02 -6.582016297685069350e-01
-1.917014509924366006e-01 -2.764580016024458797e-01 -4.958796731287093973e-01 -7.175656465487670332e-02
-1.903444109413902074e-01 -4.376755576959661109e-01 -4.958796731287093973e-01 -2.213598975920272882e-01
-1.141563052183530019e-01 -1.152404455089257040e-01 -4.958796731287093973e-01 -5.953682299349036811e-01
-1.917014509924366006e-01 1.358748638774687212e+00 -4.958796731287093973e-01 5.266567670937255530e-01
-1.917014509924366006e-01 3.223500638877718205e-01 -4.958796731287093973e-01 -3.709632305291777898e-01
-1.917014509924366006e-01 -2.311612774119990027e-02 -4.958796731287093973e-01 -4.457648969977531794e-01
2.161413442772399957e-03 -1.059514702628115090e+00 -4.958796731287093973e-01 -6.701698964034790151e-01
-1.917014509924366006e-01 -3.685823193701717737e-01 -4.958796731287093973e-01 6.762601000308761101e-01
-1.907321366702605936e-01 -3.685823193701717737e-01 -8.722411779318130221e-02 3.045101813698499783e-03
-1.917014509924366006e-01 -4.837377165798290024e-01 -2.915518954609453983e-01 -5.325348301013005381e-01
-1.917014509924366006e-01 -4.837377165798290024e-01 -4.958796731287093973e-01 -6.447373298041634282e-01
-1.917014509924366006e-01 -1.059514702628115090e+00 -4.958796731287093973e-01 -4.711974635970687109e-01
-1.056263391832037990e-01 -6.391975028128663583e-01 -8.722411779318130221e-02 7.510617664994514442e-01
-1.591324897673215000e-01 1.134195614215855574e+00 7.300869928778747076e-01 1.024835865774436972e+00
-5.018155995473389669e-02 3.799277624926004071e-01 1.343070325881166704e+00 2.274501012194244109e-01
-1.917014509924366006e-01 -6.564708123943149287e-01 -2.915518954609453983e-01 8.981503491724590615e-02
1.960242778779816009e-01 5.526608583070863334e-01 -2.915518954609453983e-01 -6.582016297685069350e-01
-1.901505480769548895e-01 -1.958492235556857919e-01 -4.958796731287093973e-01 -2.213598975920272882e-01
-1.626220213271551973e-01 -1.382715249508572053e-01 -4.958796731287093973e-01 -2.467924641913427919e-01
6.981955313066040558e-02 -5.988931137894862866e-01 -4.958796731287093973e-01 -6.582016297685069350e-01
-1.917014509924366006e-01 -1.059514702628115090e+00 -4.958796731287093973e-01 -6.701698964034790151e-01
-1.917014509924366006e-01 -5.988931137894862866e-01 7.300869928778747076e-01 2.528826678187400256e-01
-1.438173234769400122e-01 -1.059514702628115090e+00 2.569036991887750698e+00 -6.701698964034790151e-01
-1.723151645489157113e-01 3.223500638877718205e-01 -2.915518954609453983e-01 -4.457648969977531794e-01
-1.917014509924366006e-01 8.981270499360580750e-01 -4.958796731287093973e-01 1.125070098842327893e+00
-1.529288781053947943e-01 4.375054610974289937e-01 -4.958796731287093973e-01 6.268910001616164740e-01
-5.793607453214229958e-02 9.672202882618523567e-01 5.257592152101107086e-01 -1.465582311234520096e-01
-1.529288781053947943e-01 1.370264178495652851e+00 -4.958796731287093973e-01 -2.467924641913427919e-01
-8.701550419742369591e-02 -7.140485109991435708e-01 3.214314375423465986e-01 -3.081298306955745914e-01
-1.895689594836492964e-01 -3.685823193701717737e-01 -2.915518954609453983e-01 2.528826678187400256e-01
-1.917014509924366006e-01 7.829716527264009018e-01 1.547398103548930814e+00 -5.953682299349036811e-01
-1.839469364150282948e-01 9.203926946845729373e-02 -4.958796731287093973e-01 -6.073364965698757612e-01
-7.538373233131109852e-02 -8.292039082088007440e-01 7.300869928778747076e-01 -1.839590643577395934e-01
5.837500067483999411e-01 -1.059514702628115090e+00 -4.958796731287093973e-01 8.258634329680267783e-01
-1.877577591623010023e-02 8.578226609126781144e-01 -2.915518954609453983e-01 1.526484347508491046e-01
8.784879952313490170e-02 -7.601106698830064623e-01 -4.958796731287093973e-01 2.768192010886840748e-01
-1.917014509924366006e-01 2.532568255619774833e-01 -4.958796731287093973e-01 -6.327690631691913481e-01
2.161413442772399957e-03 -3.685823193701717737e-01 -8.722411779318130221e-02 -1.465582311234520096e-01
-1.917014509924366006e-01 -1.059514702628115090e+00 1.171036598745825996e-01 1.424276764716628785e+00
-1.917014509924366006e-01 -1.059514702628115090e+00 1.171036598745825996e-01 9.754667659051772244e-01
-9.477001877483209880e-02 1.128437844355372643e+00 3.214314375423465986e-01 -5.085982968313563779e-01
-1.917014509924366006e-01 -1.059514702628115090e+00 -8.722411779318130221e-02 -1.839590643577395934e-01
-1.917014509924366006e-01 2.359835159805288018e-01 -4.958796731287093973e-01 -6.327690631691913481e-01
-1.366443974928371885e-01 6.102385569119149755e-01 1.751725881216694702e+00 -3.435573142058900159e-02
-1.889873708903437033e-01 -3.685823193701717737e-01 1.171036598745825996e-01 -1.465582311234520096e-01
-1.917014509924366006e-01 1.035548091894230027e-01 -2.915518954609453983e-01 -2.961615640606025113e-01
-1.917014509924366006e-01 1.128437844355372643e+00 1.171036598745825996e-01 2.768192010886840748e-01
-1.917014509924366006e-01 -5.297998754636918939e-01 -4.958796731287093973e-01 3.144715093493860358e+00
-1.373534144091459984e-02 -5.988931137894862866e-01 1.171036598745825996e-01 7.784676828227379830e-02
-9.477001877483209880e-02 -1.059514702628115090e+00 -2.915518954609453983e-01 3.770534341565749958e-01
-1.378075746794485135e-01 -5.988931137894862866e-01 -2.915518954609453983e-01 -7.175656465487670332e-02
-1.190028768292332034e-01 -4.837377165798290024e-01 1.138742548213402817e+00 -1.465582311234520096e-01
-1.917014509924366006e-01 -5.067687960217605037e-01 9.344147705456388175e-01 -4.457648969977531794e-01
-1.917014509924366006e-01 -1.059514702628115090e+00 -4.958796731287093973e-01 1.873086763528080789e+00
-1.915075881280013936e-01 1.819370227613315905e+00 -4.958796731287093973e-01 -6.701698964034790151e-01
-1.917014509924366006e-01 -1.059514702628115090e+00 -4.958796731287093973e-01 -3.709632305291777898e-01
-1.917014509924366006e-01 -4.837377165798290024e-01 -8.722411779318130221e-02 -2.213598975920272882e-01
-1.917014509924366006e-01 1.070860145750544001e+00 -4.958796731287093973e-01 -5.953682299349036811e-01
-1.917014509924366006e-01 -3.628245495096888984e-01 7.300869928778747076e-01 -5.833999632999317120e-01
-1.917014509924366006e-01 -1.059514702628115090e+00 1.751725881216694702e+00 -6.701698964034790151e-01
-3.486639366435240195e-02 -4.837377165798290024e-01 9.344147705456388175e-01 7.784676828227379830e-02
-1.917014509924366006e-01 -1.059514702628115090e+00 1.171036598745825996e-01 -3.709632305291777898e-01
-1.917014509924366006e-01 -4.837377165798290024e-01 -4.958796731287093973e-01 -2.707289974612869798e-01
-1.917014509924366006e-01 7.829716527264009018e-01 -4.958796731287093973e-01 8.258634329680267783e-01
-1.917014509924366006e-01 -1.382715249508572053e-01 -4.958796731287093973e-01 -5.953682299349036811e-01
-1.917014509924366006e-01 1.243593241565029928e+00 -4.958796731287093973e-01 8.632642662023143343e-01
-1.917014509924366006e-01 -5.988931137894862866e-01 3.214314375423465986e-01 -5.205665634663284580e-01
-1.905382738058253866e-01 6.102385569119149755e-01 -4.958796731287093973e-01 -6.447373298041634282e-01
-1.862732907882508060e-01 -8.292039082088007440e-01 1.171036598745825996e-01 -1.719907977227675966e-01
-1.917014509924366006e-01 1.013282447145715359e+00 -4.958796731287093973e-01 7.784676828227379830e-02
-3.661115944426929919e-02 4.375054610974289937e-01 -2.915518954609453983e-01 -2.841932974256304867e-01
-5.593101134635800400e-03 -4.837377165798290024e-01 -4.958796731287093973e-01 -6.701698964034790151e-01
-1.917014509924366006e-01 1.220562162123098426e+00 1.171036598745825996e-01 -3.829314971641499254e-01
-1.917014509924366006e-01 1.841635872361830906e-01 -4.958796731287093973e-01 3.770534341565749958e-01
-1.911198623991310075e-01 -4.837377165798290024e-01 5.257592152101107086e-01 4.518551006251502744e-01
-1.831714849572874115e-01 6.678162555167436176e-01 -4.958796731287093973e-01 -5.579673967006161250e-01
1.960242778779816009e-01 1.934525624822973189e+00 -8.722411779318130221e-02 7.136609332651637772e-01
-1.917014509924366006e-01 -5.988931137894862866e-01 -8.722411779318130221e-02 -7.175656465487670332e-02
-1.917014509924366006e-01 1.767550298868970193e+00 -4.958796731287093973e-01 -4.083640637634655124e-01
-2.556097617146239898e-02 3.972010720740489775e-01 3.214314375423465986e-01 6.762601000308761101e-01
-8.488301268863640558e-02 6.678162555167436176e-01 -8.722411779318130221e-02 -5.205665634663284580e-01
-1.917014509924366006e-01 -1.735835788071710128e-02 -8.722411779318130221e-02 5.760258669629853001e-01
-1.917014509924366006e-01 -8.292039082088007440e-01 -4.958796731287093973e-01 7.784676828227379830e-02
-1.917014509924366006e-01 -9.443593054184580282e-01 -4.958796731287093973e-01 2.274501012194244109e-01
-1.917014509924366006e-01 -1.728181441137544017e-01 -4.958796731287093973e-01 9.006650994366020013e-01
-1.903444109413902074e-01 -2.303958427185829883e-01 1.138742548213402817e+00 -2.213598975920272882e-01
-1.917014509924366006e-01 -1.059514702628115090e+00 -4.958796731287093973e-01 -6.701698964034790151e-01
-1.917014509924366006e-01 5.526608583070863334e-01 -4.958796731287093973e-01 -6.447373298041634282e-01
-1.626220213271551973e-01 7.369094938425378993e-01 1.171036598745825996e-01 6.014584335623008871e-01
-1.917014509924366006e-01 1.422084107239998563e+00 -4.958796731287093973e-01 -2.213598975920272882e-01
-1.917014509924366006e-01 1.203288852541650078e+00 -4.958796731287093973e-01 -6.582016297685069350e-01
-1.917014509924366006e-01 6.325042016604290329e-02 9.344147705456388175e-01 1.873086763528080789e+00
-1.917014509924366006e-01 -1.059514702628115090e+00 -4.958796731287093973e-01 3.045101813698499783e-03
8.353840047853013928e-01 -1.059514702628115090e+00 -4.958796731287093973e-01 -2.961615640606025113e-01
-1.917014509924366006e-01 -4.837377165798290024e-01 -4.958796731287093973e-01 -4.711974635970687109e-01
-1.294714715087345036e-01 -1.059514702628115090e+00 3.214314375423465986e-01 -4.457648969977531794e-01
-1.335425916618739051e-01 9.203926946845729373e-02 -2.915518954609453983e-01 -6.582016297685069350e-01
-9.477001877483209880e-02 -4.894954864403118777e-01 5.257592152101107086e-01 3.045101813698499783e-03
-1.308285115597808967e-01 -2.311612774119990027e-02 -4.958796731287093973e-01 5.146885004587534729e-01
-1.335425916618739051e-01 -5.988931137894862866e-01 -2.915518954609453983e-01 3.045101813698499783e-03
-1.917014509924366006e-01 -1.735835788071710128e-02 1.343070325881166704e+00 -4.831657302320407910e-01
-1.725090274133508905e-01 -1.059514702628115090e+00 3.214314375423465986e-01 5.266567670937255530e-01
2.096611129298769916e-02 -4.376755576959661109e-01 5.257592152101107086e-01 -2.841932974256304867e-01
-9.477001877483209880e-02 4.375054610974289937e-01 -8.722411779318130221e-02 -5.953682299349036811e-01
-7.344510368695900127e-02 5.181142391441891926e-01 -8.722411779318130221e-02 3.022517676879997173e-01
-1.149317566760938020e-01 -7.140485109991435708e-01 1.343070325881166704e+00 -6.582016297685069350e-01
-1.917014509924366006e-01 -3.685823193701717737e-01 5.257592152101107086e-01 1.873086763528080789e+00
-1.917014509924366006e-01 -6.564708123943149287e-01 -4.958796731287093973e-01 2.621103428213833020e+00
-1.872426051104268130e-01 9.499469786804040083e-01 -4.958796731287093973e-01 -5.953682299349036811e-01
3.841376909215649810e-02 -7.716262096039722129e-01 -2.915518954609453983e-01 -6.447373298041634282e-01
-8.313824690871950140e-02 1.070860145750544001e+00 1.171036598745825996e-01 -7.175656465487670332e-02
3.898871423131907155e-01 -1.059514702628115090e+00 -4.958796731287093973e-01 -6.582016297685069350e-01
-1.917014509924366006e-01 -5.988931137894862866e-01 -4.958796731287093973e-01 -5.205665634663284580e-01
-1.529288781053947943e-01 3.165922940272888897e-01 -4.958796731287093973e-01 -6.701698964034790151e-01
-1.917014509924366006e-01 -1.059514702628115090e+00 -4.958796731287093973e-01 -2.587607308263148997e-01
-7.712849811122800270e-02 -5.528309549056233951e-01 -8.722411779318130221e-02 -4.457648969977531794e-01
2.935372986888917790e-01 2.071946666781145086e-01 5.257592152101107086e-01 -4.632399805556110250e-02
-4.281477110619599791e-02 3.223500638877718205e-01 -2.915518954609453983e-01 -3.709632305291777898e-01
-1.917014509924366006e-01 -1.059514702628115090e+00 -4.958796731287093973e-01 -6.701698964034790151e-01
-1.283082943221232064e-01 9.203926946845729373e-02 7.300869928778747076e-01 -1.091573978891643010e-01
-1.917014509924366006e-01 -1.152404455089257040e-01 -4.958796731287093973e-01 6.587850164730180147e-02
1.151834634084994008e-01 -1.059514702628115090e+00 3.214314375423465986e-01 -4.457648969977531794e-01
-1.917014509924366006e-01 -1.059514702628115090e+00 -4.958796731287093973e-01 1.274673431779478339e+00
-1.335425916618739051e-01 -3.685823193701717737e-01 -8.722411779318130221e-02 -2.213598975920272882e-01
-1.917014509924366006e-01 -3.685823193701717737e-01 -4.958796731287093973e-01 -1.959273309927117013e-01
-1.917014509924366006e-01 2.164836419242288201e+00 -2.915518954609453983e-01 -6.582016297685069350e-01
-1.917014509924366006e-01 -1.613026043927885955e-01 1.171036598745825996e-01 1.501336844867059983e-02
-1.917014509924366006e-01 -3.685823193701717737e-01 -4.958796731287093973e-01 -1.585264977584240065e-01
-1.917014509924366006e-01 8.405493513312295439e-01 -8.722411779318130221e-02 1.573880097653779675e+00
-1.917014509924366006e-01 -1.059514702628115090e+00 -4.958796731287093973e-01 7.784676828227379830e-02
-1.335425916618739051e-01 7.311517239820550795e-01 1.171036598745825996e-01 1.137038365477299973e+00
-1.335425916618739051e-01 -1.059514702628115090e+00 -4.958796731287093973e-01 3.045101813698499783e-03
-1.917014509924366006e-01 9.557047485408868281e-01 -4.958796731287093973e-01 1.125070098842327893e+00
-9.477001877483209880e-02 1.744519219427038914e+00 -4.958796731287093973e-01 1.050268432373752558e+00
7.796179343693919461e-02 9.203926946845729373e-02 1.171036598745825996e-01 -1.839590643577395934e-01
-1.880180565681676963e-01 2.071946666781145086e-01 -2.915518954609453983e-01 -7.175656465487670332e-02
-1.141563052183530019e-01 -5.988931137894862866e-01 -8.722411779318130221e-02 -2.213598975920272882e-01
-1.917014509924366006e-01 5.526608583070863334e-01 -4.958796731287093973e-01 -4.203323303984375925e-01
-1.917014509924366006e-01 -3.685823193701717737e-01 -2.915518954609453983e-01 6.134267001972729672e-01
-1.723151645489157113e-01 2.762879050039088735e-01 -2.915518954609453983e-01 -6.701698964034790151e-01
8.552244514991240443e-02 6.678162555167436176e-01 5.257592152101107086e-01 7.784676828227379830e-02
-9.477001877483209880e-02 -5.988931137894862866e-01 3.214314375423465986e-01 -3.709632305291777898e-01
9.327031627317764473e-01 1.243593241565029928e+00 -4.958796731287093973e-01 -6.582016297685069350e-01
-1.917014509924366006e-01 -7.773839794644550327e-01 -8.722411779318130221e-02 -4.577331636327252040e-01
-1.878241937037324061e-01 1.214804392262615496e+00 -2.915518954609453983e-01 -1.719907977227675966e-01
-1.917014509924366006e-01 -4.837377165798290024e-01 -4.958796731287093973e-01 -6.582016297685069350e-01
-8.313824690871950140e-02 -8.119305986273521736e-01 7.300869928778747076e-01 2.394183678543964910e-01
-1.915075881280013936e-01 -1.382715249508572053e-01 1.138742548213402817e+00 -3.455306639298622029e-01
-8.313824690871950140e-02 -1.059514702628115090e+00 5.257592152101107086e-01 -5.459991300656440449e-01
-1.917014509924366006e-01 -5.988931137894862866e-01 3.214314375423465986e-01 -4.951339968670128155e-01
9.230764540514470318e-02 -7.716262096039722129e-01 3.214314375423465986e-01 -3.709632305291777898e-01
3.297896543382758949e-01 -1.059514702628115090e+00 -4.958796731287093973e-01 -6.582016297685069350e-01
-1.917014509924366006e-01 6.678162555167436176e-01 -4.958796731287093973e-01 2.321896762339532128e+00
-1.917014509924366006e-01 3.223500638877718205e-01 -4.958796731287093973e-01 2.274501012194244109e-01
-1.917014509924366006e-01 -1.059514702628115090e+00 -4.958796731287093973e-01 1.032793348815893991e-01
-1.725090274133508905e-01 -5.988931137894862866e-01 1.751725881216694702e+00 -5.833999632999317120e-01
-1.802635419907593073e-01 3.777011980177488848e+00 -2.915518954609453983e-01 -6.582016297685069350e-01
-1.917014509924366006e-01 -1.059514702628115090e+00 -4.958796731287093973e-01 2.274501012194244109e-01
-1.463375407145977025e-01 -1.382715249508572053e-01 -2.915518954609453983e-01 -2.213598975920272882e-01
-1.917014509924366006e-01 3.034259668175200098e+00 -4.958796731287093973e-01 1.050268432373752558e+00
-1.804574048551944865e-01 -7.140485109991435708e-01 5.257592152101107086e-01 -1.465582311234520096e-01
-1.917014509924366006e-01 6.678162555167436176e-01 -4.958796731287093973e-01 -4.203323303984375925e-01
-1.697949473112579932e-01 2.762879050039088735e-01 -4.958796731287093973e-01 -2.213598975920272882e-01
-1.887935080259084963e-01 -1.059514702628115090e+00 -8.722411779318130221e-02 -1.465582311234520096e-01
-7.538373233131109852e-02 1.876947926218144769e+00 -4.958796731287093973e-01 7.784676828227379830e-02
-1.626220213271551973e-01 -4.837377165798290024e-01 -2.915518954609453983e-01 3.045101813698499783e-03
-8.178120685767299725e-02 -3.685823193701717737e-01 1.956053658884458812e+00 -2.213598975920272882e-01
